1 2
2 2
3 5
4 4
5 7
6 11
7 14
8 12
9 14
10 18
11 18
12 18
13 17
14 15
15 14
16 11
17 10
18 10
19 5
20 2
21 2
22 4
24 2
25 4
26 4
27 10
28 6
29 10
30 18
31 18
32 18
33 18
34 18
35 18
36 18
37 16
38 12
39 10
40 4
41 4
42 8
48 1
49 2
50 2
51 5
52 2
53 3
54 7
55 4
56 7
57 6
58 2
59 5
60 2
61 2
62 4
120 1
121 2
122 2
123 5
124 4
125 6
126 9
127 12
128 7
129 10
130 12
131 9
132 6
133 10
134 5
135 2
136 2
137 4
144 2
145 4
146 4
147 10
148 6
149 8
150 14
151 14
152 8
153 12
154 10
155 4
156 4
157 8
168 1
169 2
170 2
171 5
172 2
173 2
174 5
175 2
176 2
177 4
0
